loss: 0.49131558564576233
acc: 0.8340909090909091
